100
128
127
127
123
127
127
121
127
127
113
127
127
108
127
127
103
127
127
99
127
127
93
127
127
88
127
127
83
127
127
78
127
127
127
127
127
118
127
127
113
127
127
113
127
127
108
127
127
108
127
127
97
127
127
94
127
127
96
95
95
108
107
107
8
35
85
7
116
45
7
116
123
9
99
121
6
13
28
7
26
105
7
34
94
6
65
24
6
6
47
7
106
19
7
43
102
7
17
104
8
34
115
7
94
58
6
51
6
9
16
103
7
84
33
5
34
64
8
13
10
6
33
18
7
65
103
7
117
62
7
60
75
7
112
83
7
14
114
6
39
80
8
35
56
6
5
74
7
117
119
10
124
70
8
44
106
5
17
5
6
92
61
7
8
66
7
115
86
6
49
30
7
8
121
6
71
123
7
26
86
7
44
87
5
4
33
7
121
79
5
57
78
7
32
14
7
53
17
6
15
30
8
8
75
7
27
52
5
14
19
8
89
40
8
53
122
7
70
64
6
50
108
7
112
117
5
19
35
7
45
17
6
6
18
7
72
106
7
12
74
7
41
12
7
12
93
7
83
120
6
23
73
6
80
82
7
80
82
6
24
22
7
20
24
6
39
71
7
7
56
9
112
112
7
18
18
6
72
46
7
120
12
5
5
34
5
60
7
8
10
93
7
32
110
7
124
109
7
40
38
